2293216
2936176
4251472
1522207
1965017
309223
1818981
4208164
3023722
1603590
1262125
703815
3092962
889201
4782144
336405
434008
2510164
3605263
3560928
332409
3870497
2174916
3487821
3778416
1384181
68791
3390025
1571184
2216792
4156041
3582744
2697889
3024355
1996705
1367374
2441188
3221884
1756033
2671830
2449989
2140093
4948356
490159
1896316
996724
3971894
3684983
2808416
1361987
4175760
1075488
2973417
204518
909454
2593023
3377568
4419924
595503
954051
357
4263935
4016969
2767362
2298077
1496182
204422
1471343
1106486
3429674
398655
2674536
3761752
2895246
3879091
4268844
3833449
2907031
3606947
411626
3749821
4337891
3984334
1076852
4654681
3168118
4855364
2576146
1975650
4346399
4360873
2089523
4468647
2638649
779401
4165375
3962952
3887949
1064978
2158984
2226497
3319957
3334194
4274526
980694
4150811
2139470
4151041
399837
184896
3567964
1011249
3656355
3111577
4266717
1917986
2684540
1385012
1625594
3590796
3546283
316920
3763834
1954782
4209513
2219754
4797662
23762
298006
2111948
4778586
102940
255097
4682464
2395824
154684
2614326
3788362
955305
3272883
2032651
3368915
1556147
3376914
1768390
730250
3294354
4729837
1061319
455813
3936900
3560495
2184173
3064965
3846326
4770375
1284256
4419959
4457692
2187584
1188603
1923415
2621297
1245167
3103508
1690223
115019
3511429
3382569
2894462
2674585
4138052
3498536
1034100
1923581
3099663
2173275
4435928
2844992
3101082
1653230
4823884
3493174
449280
2254174
1437737
3186287
686643
3711104
2609284
3075927
901133
639403
4629778
3932075
474117
3473732
151208
311128
626110
2711844
4272538
781938
4569722
4588456
2978885
3112269
4304556
1369300
2345257
628796
3671851
346276
4846
3171108
3569346
4891313
1125575
341692
1902628
706877
1370292
3957667
3761469
1945819
1980257
1057117
1766691
4416445
1314668
3952299
4377067
1189404
2276228
2465863
2693529
4599806
3951341
4829241
4993647
640167
4853536
2280985
1775718
4254814
1666830
1250018
2765691
1455898
4230917
2234606
4785056
3848458
777900
4578771
755475
2292158
265064
3247962
2634892
3018677
1850081
3931481
2499600
3360003
549407
4898796
2078947
2223711
2016142
3961172
506906
4988679
4962656
1891755
610126
1481872
2427217
3780483
4219565
627021
3516742
602651
3983914
216027
4707215
3697917
4612821
452872
45899
869687
4037253
3283230
1191467
2368500
4335665
1293519
3800271
4135350
715486
4317694
2591564
126962
3842931
4462696
3365967
2135431
2840616
1844013
2983771
4160668
4030813
294527
76334
2808726
4868231
4037862
1551490
304756
2111621
4051309
2808623
1242759
2013200
4556140
2210925
1990736
2266065
4429491
4671415
2494456
2859853
2436368
4414668
2551590
1744763
1844094
4907983
387841
700791
2760426
994959
884162
869967
344098
519008
783540
2991162
284189
3935400
2818763
732712
2437921
436534
4664158
2331251
1825749
4388364
4974467
4050613
29091
2258429
1272262
4652533
829257
3889073
4028869
31033
507965
2350086
1959275
3656895
3557499
4360081
2266567
4154502
2822572
158914
4326408
1973383
4213556
3485606
189400
3815681
4027864
4318405
4578513
1958258
1471691
441259
799392
2563361
165652
953412
1808117
2507224
4614877
1230112
3656420
4757616
964954
1445655
4348379
4535428
2388563
2183174
2056192
3549575
2963664
817911
2506151
3252274
2966369
4498527
3410477
932694
4323463
4826176
510260
895311
3820098
254383
4211003
3788633
4126392
3060912
4430360
2916860
4552767
2508925
1790357
140963
4992071
3353894
3513509
3084555
1634535
38610
4474433
1541975
2593922
4500707
2034724
1863872
3078230
83640
3608799
1960297
945121
2649420
47705
867408
1279536
818619
2098023
4663072
2385413
4451365
3304260
2385316
1860964
3526635
1190445
2213847
1191930
3428503
3812188
3194775
887019
633048
2558494
2469367
1980854
4167722
3512019
4123315
2425991
2367508
3324994
3721855
1732634
761099
1169878
1928824
701382
3600564
2994042
4374716
1085998
4052359
4028940
3939221
2213183
4587471
2835904
4373584
493286
2246925
2343572
4906220
3445010
3670972
1031915
1910190
3995873
543728
2323273
1174546
3257130
2656984
1786858
295259
2436710
3207394
3527167
3438603
3804603
274045
2977862
279151
2963366
1148474
4816324
3700050
4748741
2069260
513442
3531858
530943
3014446
4442658
107919
2845009
3534820
2444732
241407
1686709
827993
4989401
4634718
2168176
3015975
3244075
1054787
4964537
1914358
2711911
2886350
1923073
849723
1714400
4952574
3874852
4231522
157441
3872799
2745834
3441927
2592295
771488
65081
1306973
1224665
3089090
486491
1234097
357797
1458797
3197352
1054665
2359256
2944349
3388496
415846
2040729
4829177
150151
2867689
802914
4088132
1235533
395538
2476060
2763820
737817
77603
3430487
3572928
4405665
4017955
2473379
2539391
4796297
1057854
3117645
4749707
676325
1783562
3214969
3616061
130157
387364
1032793
2426642
4340156
4750329
3069319
1597634
1242373
2825697
2514373
3265393
4801747
409957
2141134
2583295
2558650
1792801
1701912
939066
2150852
3839913
3830131
605601
530549
510675
4048622
4317603
3137808
2841230
2075507
739128
3900494
4044400
4019841
4405033
4522179
1478923
530978
4237669
470784
2684131
2010330
2630342
3851480
2754442
2625337
2869500
2281920
4469274
436816
2595224
1296400
4451343
4520128
771895
1953574
455679
3307181
2566473
3169386
1145014
1959314
1532669
2490987
2228082
4653359
804491
3845288
2830264
570717
1479645
2963307
1621073
3101569
1069211
4951760
646756
3780319
256081
1522340
2375089
1775366
3131904
2874729
4902247
12585
614398
3559541
354019
619598
4133386
3236025
1381063
3248863
3707504
3662303
4908210
4362334
431573
4438669
4988577
4706102
4685216
4450311
4569826
3206316
2678533
70513
1952944
112885
391343
4260913
2084464
3720864
3539722
3544243
3244679
196596
1079850
2933638
245782
1118804
4970587
4725988
2617491
215455
3024774
4438863
3723077
595029
1115900
4197526
397979
1854514
1204706
2623799
1420138
949151
426361
719582
852418
2915326
996681
4130444
3682795
4620707
1724266
3276371
4706305
2618851
2336431
217149
4698281
479876
1571311
2225229
1345135
3466387
2033649
185437
3355774
676885
1390131
756198
2675387
4923477
4610519
4586718
435454
1867292
2432235
406780
4077485
1894399
3374420
607447
4400759
471762
130326
325804
2239274
1485883
1116225
104062
650098
2082721
1851452
4662680
1258415
3707970
737127
589678
234353
1402020
2303600
3784802
1036883
1574115
1101492
3317538
4873329
3732521
935247
3452654
3176711
2429628
1933250
2422199
2146791
4405170
635904
2066979
2164886
3493375
3293333
3660013
2370692
4026799
1995763
3011946
2531303
869167
1958171
3967846
819187
4461253
24932
2702893
1592696
3617184
333931
893477
1043287
3694153
4391896
2627033
660642
4866937
2735880
3744656
497680
1460357
2138844
2693340
616281
1740725
2661470
3967023
4924596
2354162
3370187
1069222
4493739
4745949
2893313
3766378
277847
1415804
3171718
414252
3892862
1430671
4290354
4926797
4354629
3435841
3765691
1405664
1189971
2498234
2457883
1888071
980293
4677521
4643296
1684729
2560583
1701599
2234639
1655974
4783893
3993711
3013174
2754929
254095
3489937
3654029
3419356
3230834
4442125
3314696
2393282
4406905
4787957
869244
1661629
1670863
3506260
1946539
4817704
1842287
4125378
1532270
2788478
1746010
3962969
3620542
1752033
4266228
214338
4525278
1715831
3847164
3495529
3996905
2458863
2009510
1232207
4610036
3401825
4917527
1655101
2790751
4505108
286908
1093078
2930749
2283865
1654088
3212678
4845533
2625876
4839496
81175
2639861
3034586
1118052
1371042
3222506
2582646
3153524
3979298
4280063
2543430
3188476
4486436
4596439
4458115
3563910
3551386
753064
1573598
1916635
3300495
723134
3432005
2450141
2412086
4350825
989700
4095876
2237467
3168581
3548425
4321139
3030971
738212
4542720
2498806
4028079
2351386
1448733
3704858
1108738
2513316
4015288
180137
4915620
2263349
313105
3435777
2011512
2215391
3202549
803216
2427656
3605211
1095162
4010479
140440
1858357
3620068
4590935
2784792
3349078
4199274
643780
4714930
3632559
3331218
4150053
3571076
2131008
4616313
3274492
4667304
3194306
218223
312792
1956078
3760119
369087
2657261
1511467
1906956
1990988
1327501
1398762
4418471
3937494
578437
3270273
3684499
668188
648214
3384831
4094021
4135388
3660879
4921858
1601675
1103414
2751428
3162981
3587152
813358
3827180
4297750
1199438
3587536
2421980
3277893
2746192
3333870
3130332
1769592
4307235
3036229
112035
2976443
3634201
1365310
3328245
1875445
1478649
853008
3242901
3326295
4638214
3204098
1143207
1370989
2369514
3250190
4544359
1055382
1860415
204386
1256256
2353617
336571
1318464
1193802
2977325
1008437
4764804
3256035
4168931
3957464
1794246
1190760
2247935
1233059
1469269
3966225
4196472
4200154
3967652
2354919
3713761
1193677
4964929
3532578
4407096
229890
4628416
2541667
4276892
3111681
620278
2983370
183293
3152481
429877
3746923
2110554
1246437
1637142
90479
4845983
271857
4844400
480440
739130
904192
2498926
1426894
80426
4359164
301152
4153315
2459981
4764221
1385171
2538151
615046
4406126
1388043
1221754
2894730
4327313
719455
1099005
3062728
1535001
3624113
1414018
3686899
3575540
2857673
2286945
4755565
1345900
499790
4976556
4108369
4728035
1771744
1132218
658909
3715964
1701332
3481248
911546
1531417
4213581
335358
3719146
3683582
835252
4560373
2286861
4338836
3990995
3535158
2186128
369930
429587
3040374
2187955
375190
4113808
64637
438452
3056217
572694
828190
1245981
2490913
2552571
788545
471207
1937544
1074137
1284572
3145866
1777209
2018469
2208448
3532962
1984851
1835505
402896
2937599
1495078
1278458
853644
31113
1439962
2790063
2455627
3753870
945134
3758143
2603975
171626
927518
890909
3572434
2861842
2257503
2640659
117287
1098493
4828228
4681408
3366491
3459631
4600770
604464
3379827
966179
4205136
1249558
2784719
2424468
3471144
2018152
3854851
435752
4423723
1961623
1933638
4957882
3541217
662634
1153539
4688834
2814110
1930038
1393101
405795
585152
4102268
3277936
3581649
4840468
2584351
454626
4067549
1644120
4618368
1864793
4962655
3977691
1591224
2052214
977791
2036801
3601777
2391838
3313823
1702563
2846113
3622762
4841321
2662163
625700
1682868
3041904
4257149
1858486
3093394
1857349
435368
4596938
118559
2582233
1191260
4686217
952308
3483658
343006
4502442
199670
88844
2234839
2099178
3406857
1028917
2309843
1821161
2266723
602276
2254756
4083873
2217147
1720399
1994343
3467203
4055967
4257064
1299358
2617136
646949
4660652
2786300
1797840
2218938
3908168
3060800
4764947
4383574
1578024
4804793
3522818
3110608
4664221
2450216
2132609
1865933
676521
2744898
1277987
1503188
2411626
2528660
2941930
4963709
1251874
3847553
2298393
4114504
3985951
3910375
2971768
2618123
1964811
3367904
1837348
278851
1302610
1968036
3328784
3913930
214187
4852044
3811100
2315817
397574
977009
959568
28805
4910928
4566771
1820469
2384118
4408550
1468694
1059600
2779317
1852243
1601606
3348924
4798067
4402567
4320507
2149219
2062534
3460439
3261623
912088
4142398
4212011
2522797
945492
4499414
725513
209468
2350284
2432007
4950843
4034712
4901867
4645302
3240158
4455562
2232433
2669133
2721546
134733
4956840
1285414
3826777
3742041
517886
2657764
4094934
3546878
2799108
2747804
2070596
2139110
3396866
1422193
4588424
4642237
3074420
209534
1841460
2987372
1137381
1530603
1139632
2340928
3389031
3375202
2688455
4290794
178284
2740764
2791371
2729055
4850949
2854741
3368422
3423008
612724
857822
1333503
82708
4604719
18065
303365
2816400
3118068
3824990
4801819
1660217
175939
4564036
4452768
112257
4675901
118300
1577626
2358989
4819735
644175
2065726
3951095
1818619
4479592
3195486
2511023
752379
1189956
201135
2102908
566898
184998
4556278
4589665
4801209
4847847
2295311
963482
1135939
4593547
4717466
64517
1872790
108974
1891970
4184734
4194087
2447261
2245099
2772387
3783248
945537
1674872
1303702
99952
773685
3319158
3923105
1999711
4398009
256616
3674515
476236
3996928
4008687
4138888
1663094
23396
680086
3580264
1686339
1166266
2072632
2381702
3970560
1039295
4536462
1735528
4193014
1184241
4181209
4927846
3219173
4290024
249515
394976
2084039
3582343
4637337
1295748
3014648
1831940
2700553
3679446
1080176
2985695
4775215
2578936
2160523
1631565
209692
2147720
3887663
4763625
1853342
1981014
2544379
4894200
4974210
3171391
1827613
4231191
3570618
355435
1184448
4089027
3376217
2104351
3513506
4513221
1329466
2444415
4073731
4329656
627393
75556
2610745
2712312
1440761
29910
751777
4503209
2884573
1102182
2485680
1366753
2808946
4955499
552935
2044659
870609
1745623
614117
3492185
1679235
2584564
4179030
4275069
2797765
2772545
1382665
3377508
438954
7011
2643040
544184
3587872
3969162
4409824
1859056
992778
2057441
2952040
2485342
1262477
552561
1116159
1085972
150375
853907
913414
1497012
3630841
4881168
4689868
2722771
2912613
4667287
2006592
2717961
405714
616153
2890945
4589016
2525836
2593861
1888530
3916215
3247625
152603
851049
2114042
2646278
3281903
589670
2695135
4108816
1037373
1141473
4352695
4598367
4772771
3941084
2018031
2283997
1649983
542168
353018
3156612
776293
2643267
1349981
1503141
2017213
219278
290454
1744260
3173432
605085
4398826
4207841
2097709
1579352
1102602
1576338
2861332
2817951
4637345
837195
1130717
2476314
2917692
2214080
3708910
720750
360855
3918177
1386680
2473547
2229312
2362820
449077
3643362
901482
301345
2494400
234356
4551953
3814774
2918736
1824774
4324292
1869771
835410
4750513
3618260
2330704
517538
959381
3392087
1946978
4676519
2634926
627865
1904748
4051400
4972350
2734561
2059882
2534287
4205802
4286747
2839625
1962712
4393313
4554599
1184683
122869
1248887
2936061
1629638
4652962
3728080
2849914
1986476
3428576
3278519
2782988
2983845
1855088
1539342
944439
4550840
4891373
4443616
3662401
4949641
3223558
1574098
4534336
866268
2888727
2977209
4243710
2802807
1872420
3425925
4387654
1936294
2399281
187226
3098702
1905944
2283329
1861567
2855488
3094567
2067305
2538223
2100583
1584949
4460239
3996237
2339186
4348593
3881604
3872949
1355688
2379321
1569596
713902
1583529
1748186
4918438
1867835
3805789
4025587
2168300
4863761
4188603
281015
3071817
4421474
593080
4439056
2383233
3494999
3968842
3182241
2953666
3395933
2406615
798308
743701
4162775
2526463
11123
1381761
4116977
1675843
1826146
809532
1116564
2152656
3453256
2580815
4618037
2342828
4617375
3563141
4857417
124604
4807425
2480783
1562003
3487535
4985618
1729911
3317597
3043019
4171901
645375
1989637
2097042
4935767
1399830
2227502
2803600
4141407
3874614
2112280
2126468
4940647
2836893
3931978
3039337
4481612
730149
3576940
3624351
967392
1398402
4669297
231547
4141673
2766104
3722225
2055528
3001603
1924983
3855508
3277880
704480
2188916
2157290
2351499
2599792
3289509
1631000
791258
4162011
547064
3983918
369441
1566571
2502896
3248147
1457895
4059783
3375230
2693153
4028139
4816986
2615864
3686862
1792428
696659
4101752
4999423
2246869
3271557
134036
2097601
793348
1705646
1842421
2098386
733366
1718612
423126
2442329
4711441
4714251
2111195
2963894
2787276
2063572
710731
2232500
3408127
349152
4691948
3766299
3774467
1947762
412858
1630434
117445
4993122
3346115
717250
4231084
4876541
1745570
940582
2265316
1253706
391765
3781695
2039239
2773735
1785470
3121075
1330600
2532882
3846771
3491253
184763
1355845
4110786
3316272
337380
2310648
3885572
2446428
2117146
3547466
4963164
3239540
2434936
4654202
3719309
2498750
2271072
3824335
1698037
1809737
45900
4745752
285354
4069941
2688691
1805070
4744368
1661548
3270036
283413
4156052
3013615
1593697
3742881
2589607
1654347
2445323
3738614
2611802
304938
592934
1675335
4239731
4539333
3511097
1390144
1831018
101047
2217957
3247263
2889762
2066285
960815
4365501
2649543
1008890
2428844
1673835
2948416
351495
4752456
423991
2274641
2453991
2504307
4272654
3261713
79113
85800
918203
3960066
1489863
293146
2437902
3550226
1683675
1217022
2787288
3317037
1433393
2721776
2229586
2897213
3688471
2525699
4783965
2737215
1833360
4383016
619428
4644931
2265801
1944761
480861
1429248
4215523
3814243
3491375
2287825
2198959
4393134
2550062
3962896
419959
4546475
649793
43598
1345593
3791801
4505445
728236
4565807
1612403
2071690
3135896
1673865
192377
3292635
4838760
1333885
28634
4074075
617804
1276596
4220635
3413803
3765939
3982309
302374
3722984
3294077
2187007
3587282
3233137
1987672
4161280
722123
2335814
3445818
1168035
4700126
4632395
126329
273910
3447268
3798316
1166090
3584585
4693960
71388
2848212
1711362
2617334
3673334
4963824
4092686
4823137
4297028
3208960
2607218
4623921
3659805
3552233
2583680
856264
1698408
1432430
3326180
4960496
1234367
1897450
1762014
4022435
3773808
2415721
4057994
4909173
3103581
408484
4108059
2936226
2823491
553432
2857766
262704
2138839
2972546
3037402
2610624
2220876
2475577
1632270
3379447
2162802
4146407
1338547
2982851
2731576
1558757
171176
926093
2978642
3824179
1314093
21306
4587701
3284049
3796399
3625628
3958271
3102780
3080833
1340667
1806964
2548744
4190252
150076
2840548
4426391
3470237
751724
3378152
668659
4026813
3868716
2627723
613390
1931422
581240
3617733
4792275
21008
1618773
860897
2523624
1675860
4756759
4505281
493251
4324072
4969100
4752056
3094438
880769
282889
1389653
4740792
4329559
4995727
2682175
3938881
4463258
1340121
4469372
2443522
1009218
2722180
4273420
4922287
2536516
4012571
1954866
62090
218592
2592766
4405330
4301470
4611799
4812399
543477
2262996
161786
4860538
3097962
4446133
2642014
1113470
4778632
3091324
2397228
464603
4633422
1778519
1539541
2023802
2259947
203450
1602722
315443
1381593
476832
945705
1041248
505699
4156896
4688603
3266748
4327816
4258472
1980091
3684918
2238456
422872
39721
2775832
3008251
4779261
2093085
1594319
142513
1887784
2124399
2288406
1265268
1632682
280850
1135875
874521
549359
758433
1995950
1942358
1006069
3534865
2424826
3222141
1636391
3477895
4707073
2885990
659482
1137219
4120928
4154475
4787747
2316985
3631644
896077
2021906
4185024
1499247
2359029
2799888
2546724
4603827
2735828
3922577
4448278
2258090
439467
3594613
179779
2674407
1898407
2281473
4793089
2022685
3569700
2628532
3105766
403971
3165266
1953353
1726451
2247968
1579125
2138377
4548334
4579832
3981254
821450
2473485
4146387
1319031
3431303
4125326
2729510
811988
3574557
2357668
2253217
717253
4017632
361291
679380
3631472
467736
1222012
4642047
3762875
4443739
1792957
1102644
1140719
2407560
206480
1652843
3146744
1555997
1365067
713954
2325577
4945398
2774535
545775
3241308
4206371
1257650
2293987
4956055
3309796
2964224
3828253
1317898
143171
2583550
2492968
80085
718223
470983
984530
1529447
3296944
2951439
2561930
4289376
295596
3247581
1574260
4360792
1878517
1699349
3364237
3468473
1765100
1574387
2060534
1060167
4653814
443284
285983
4382785
3841273
2620142
1468369
4255135
4630580
4867744
1749655
3165050
4855033
4973156
330058
2687627
4977415
1036577
4884216
429323
4829896
1384286
2853489
2848186
379875
4159184
4722861
626812
2793087
549332
3101469
274781
639958
2159800
4906636
4599669
2236273
3959667
4483442
563303
641669
271925
1534486
329859
1744682
948249
2804956
3637643
626420
3372664
2354674
592851
484016
1568279
2737683
2159746
3636413
1877632
4861495
913269
3721540
3552174
4786199
1518466
900821
3491681
4958560
2564761
4539039
587986
3425332
1938823
4844492
1532417
3624279
2839764
1889207
1709994
1871036
4895117
1495371
1562838
2204589
4610076
2740217
2363341
4990289
4720851
4649109
414568
2857117
2216967
3128846
2159813
3795226
3458905
2105480
1985621
389646
1196944
1591640
1283087
1035978
1246178
3151451
3341255
864655
2195794
4712883
1372953
3915230
1891699
3713695
1552255
1498459
3341066
3677238
3204035
3984925
779153
2185536
99982
2695637
135384
3072817
1138270
2159832
2451014
669251
62678
2439114
52798
4213103
2583215
4049897
630237
907783
3190796
4039155
3438239
4966259
445804
641973
4333857
2069894
3210233
428850
3454913
3787260
1198333
3942828
1698721
3730514
1626036
767441
921355
901058
2403452
4534341
4398
581786
951145
2487368
486727
3896888
887285
4723716
3493083
781668
4985172
4455926
3819808
1825802
4373030
853558
312572
3900434
3565638
1153252
1471781
3960094
4412223
2251889
1505959
3270944
851743
624391
2063108
497045
4095587
1661846
2068853
3083105
12753
2959037
1716047
546504
391845
3056593
1560833
170118
1186211
3346636
1113530
4659917
3734155
2778517
4069287
4344665
2110315
3169511
2868250
3467633
2927182
2961953
2945478
172987
1921810
1910507
1493863
2161596
502232
3709823
1101758
4707372
2589588
1897115
1532858
696754
3024644
3672258
880370
1241089
209853
4630121
4708559
4072334
38560
3140805
931015
4322029
4657644
4102446
2798468
3148231
3667053
1681840
1755043
2926138
4761619
4005039
1689175
4479117
2062237
4799220
2371758
2305423
4695284
4655704
437228
2576907
1829204
3588171
258899
425961
2487845
4520962
1177220
1932004
3308648
1744315
3352639
4809891
4399949
4676206
2074823
2173111
612257
3365202
417761
3881520
3173796
3773832
139130
4786524
1349112
2403432
691496
1304221
390454
1747495
384457
1953830
3698843
1999138
1280584
777170
4034656
1822921
2924286
1811169
2513319
478058
4259188
3810959
3873873
3901593
2084551
4914578
1201644
3850938
2682405
3889777
2343626
3196587
2061107
1626940
4102637
3006160
1255825
3657644
4387934
1260796
1920949
2104471
3143453
1046136
766004
1030927
1392242
230836
1143967
860889
371554
2705864
3946250
2268485
4255421
1161701
2580328
3978031
703444
4423260
4946514
547664
2076873
3422538
4421990
904193
1141758
4981984
3490828
3805262
1342255
4980363
3450516
4666419
438428
985156
2096123
2600502
3981918
3768310
4244685
2094752
1137115
4494982
4149540
56601
530261
3348996
890446
786719
2741148
4995502
1054797
3697059
4381028
1349211
4978935
3858560
391153
382987
4041022
4355160
401647
4143176
1372938
4617805
3257310
3923000
4306114
3405401
2899498
1684802
3326826
3175435
40792
3941787
3385191
3369375
1411933
3966124
1486621
2363000
272137
2829922
1443961
4565372
4131808
15121
4884298
3841420
4854473
1431750
2571146
3679
1378848
3669096
4967419
1004474
2653862
1985801
2298413
4500302
4503064
4070287
513820
2929581
3360925
2172857
1877430
4832170
2717080
4794512
4455033
3113293
237598
2528429
572027
2256496
1861057
1580961
1276420
2492922
570443
3305924
4418709
3368501
3831623
3771741
4468428
2025421
11513
3923691
2341983
990823
574829
4347534
4205382
2143515
2700524
2508565
142517
2397264
2939532
4526693
4324999
358579
1148831
1395778
3792182
1268692
4400971
4092029
3696199
4424221
613754
4210938
1061123
4254895
114919
2527901
4017247
3185626
1087513
3795345
1370685
3461625
3242925
96436
2478411
1858344
4663755
3785698
2290889
994468
4895867
2417373
2866281
2352253
4410256
1073686
2511119
3846650
198786
894554
2776952
1695177
1562458
4326044
2237367
3318945
1375430
3081883
2773209
4807158
632012
2990576
1371626
978776
1313755
3108790
632081
3462249
4902525
4326230
3018262
2966009
4406314
3865517
4629572
2494464
964342
4678237
1340970
1007671
167657
1251501
2694651
4018643
944751
4391326
1015061
1549471
66854
4553675
3351583
287540
1879829
4365499
187083
4669848
4174973
2840519
2011387
3962033
144199
130530
1700479
3805476
2661596
3760458
4070077
3648271
1738644
142794
3339498
3303903
397318
1161321
3702132
1341966
4734014
3168051
577474
1761404
2891212
2549345
1002899
3487465
1617145
2232103
4791939
2976397
4331029
1708827
523948
339284
4360492
3618621
177321
1582905
559703
1366567
2865206
3586878
3447470
3998802
2440115
2709637
3113499
2859842
612999
2155087
3339594
2219855
3857825
875150
195452
3277138
2569882
1996584
4924667
1911336
1148215
2320651
2672872
1041510
1206346
1732967
3146416
4177625
2738167
4255693
1728605
3266296
1331732
2960930
679304
3943849
4002858
4342783
1980780
4426988
4016665
1659497
4998679
4338344
2377176
1691048
3375866
2363920
3702169
2044998
626527
206002
3953354
4542693
2249401
4100124
2810744
575805
2076887
1740907
4731214
632946
2649715
358129
4938940
2044046
757095
4298562
2326259
4213280
588799
3338267
2410380
3310960
311081
2002096
478664
482525
3770505
2146513
3299570
4129302
3997417
2855416
351137
4784561
4871182
4722609
3212122
1753323
789734
2108006
956306
4192957
1271069
2618566
52048
4933015
4982414
2832530
3894641
4452859
379990
2408516
4546053
4896057
4142405
4316572
1281687
4084355
4363182
1343240
1245835
3095020
44638
3007983
3732575
1046721
3797673
2810842
4384852
3004100
1177183
394367
1446
652225
2852062
3246060
2287990
2428112
2587073
380940
266185
4473638
1564470
4647705
2792169
3276823
3670126
3987423
2999721
2668780
3204397
553193
3501766
3573852
3982977
1642826
1434025
1773227
3995087
699273
199881
891740
1172937
3640106
1010094
3289492
1748859
438165
3937936
2629709
3650373
4346598
1402078
1993587
1221731
672528
4030618
3669215
3732648
2970926
4461729
2212973
4578442
2717480
2743561
106236
29782
3911230
4910819
2527489
3673988
1368500
1307615
730632
2713125
4163034
1424847
4570377
2915001
903479
1616644
2404323
2142045
58066
3767252
252471
4225953
2415580
1764862
2295332
870328
412541
1029924
2654362
1756616
4375481
1458614
102365
4712994
41599
3971632
3245784
913867
2310990
423161
1756379
194745
1874500
1998380
461619
1957145
3850181
3011252
1763173
447181
947780
1453969
2382087
1390836
1939377
566775
1380154
2218529
1942463
4721109
442951
2627437
4366737
3266419
1357717
983015
2164224
3422964
4712196
1502058
3954315
1984699
1413546
3271496
19356
2944298
3725800
4742498
1415027
3791494
4110184
4049561
4102641
1978870
2065077
536159
4031619
4414698
2456630
3027239
3644841
4724377
2141256
4462011
876898
1402594
2570551
4419307
634166
3676244
2800601
1794211
3638432
4894089
4986184
2532630
2362389
4806189
4644026
3143127
2085301
3619357
4206271
2664262
2216333
2553834
3831702
2093991
1388935
4821116
1884459
1516366
2416687
4573331
2257713
1392887
863906
3107881
799448
2757170
3822997
3993972
4683371
403579
1666815
4597895
1698506
2035559
1119012
335768
3366271
364667
757440
2320156
4846462
1561367
3201548
1128399
4579773
251088
3614575
204368
2258990
4939355
1065860
2296424
4545942
1158884
2926340
3631211
1988235
2411134
4859600
4469559
323470
2395510
493406
3250649
3609282
2205120
4143101
3801808
2336841
2313811
1657798
2669417
893562
4338960
3949217
2938697
2379712
1147293
1288241
278921
1066514
2917073
4667933
2123707
2766410
1981640
2421180
3686795
849189
3383957
4388892
711617
704342
2245335
819887
4087715
3688967
4652004
15699
3726392
2471405
1197347
2867389
3439271
2220870
3305462
1616833
4180797
3822898
1610132
3849856
4009805
229675
1980020
4341998
4302513
4652323
3740837
154558
3943535
1428089
1172219
312301
2392760
4088471
1883235
3443240
4109322
4043370
4841496
2652507
404788
2252543
29166
1257816
1348089
4076855
3860300
1547423
3837710
3818663
4814583
2555472
200062
317518
4897161
4572778
3855086
3050483
1862912
3223807
3001146
1962139
4541170
866294
1822973
3948324
4920734
3013628
3327024
3287361
4034206
1197769
4630634
413331
1852474
4031179
3400453
3613600
1614742
2848433
2500001
3836466
1609867
4698069
4126018
678350
1278482
631558
4928789
168272
2828572
4465201
4980368
2870688
2812544
2460652
1485622
4795155
3513228
26208
4772282
4163232
4338748
1953296
3492155
4055804
2517129
3187530
3163054
1549781
3314840
372328
4470874
47656
1320467
3064003
1642044
4335360
317013
1961654
1768138
3930188
40959
4085706
2920021
4169627
4021608
3142211
1565319
4778294
3920497
2174214
1296396
2792730
2905590
593893
4890062
3004624
590432
1629001
4849176
2448363
537239
4618747
1799452
2624990
3017941
1458127
2111120
3641527
2386326
3113645
50482
120380
3796267
4867709
1951660
887776
5422
3301998
1471124
3796770
4637840
1485028
2805514
3108355
1585678
1385212
1740932
4268578
3241282
4511613
1371815
96117
4866966
2874844
1533131
2196454
1430483
529963
1125025
828104
2908311
841376
2457969
1503924
4000549
2074110
764731
2972356
4974807
4720418
3802559
3152491
3290606
850220
3064985
2983728
3475530
4335176
4804164
547973
4355893
2397272
205375
1497864
3070105
3277184
28940
2587669
3323282
4766669
4533973
1796038
4749406
937027
4678570
217736
2185201
1828289
2718501
680091
3566566
4208659
2343663
3362918
1066639
1273172
1906075
3026868
4796269
4118910
2776176
1268111
1175931
4718864
3248708
972535
3944677
2693594
418563
718591
836758
4590824
4880335
2153797
3246831
1521289
479873
4689292
1072403
4390651
2891662
4522808
2117791
490036
2532550
1064357
944823
1027023
1740405
4556195
1175483
2068050
3361004
2560530
553753
4849304
1947674
2929367
2715453
10207
2099667
2723384
3040867
4853936
4043699
4243418
4534348
3458151
4826396
4890388
3537358
3262878
4746010
567855
4682054
873786
828200
1329468
3396138
530193
2320140
239442
4361145
4966263
1771677
4868451
1213715
3098148
3869989
2164154
4328997
624003
3446305
2290004
1800124
787609
3355429
1216728
4047099
2093968
1102364
2020595
1669544
4221472
113325
2842068
2202272
3619737
4232634
4337025
3429867
1681295
4609666
1398933
3076714
4360098
175270
4499991
3277741
1279464
2186761
319287
4554273
1471354
1480208
222951
3371046
350424
2375497
2132499
907711
3931834
1247207
1460351
2550883
178996
1443499
1221372
3810992
4997316
1128543
4906823
145023
2846203
2968445
626942
2086290
2676038
4405228
223808
1182506
2756313
1540906
2511007
4983478
2327479
2342917
3643972
4343013
4065183
2655171
4267296
4844316
1786838
61921
2899019
4361859
3458254
4859512
3744059
3967226
4584496
4690556
1256034
12458
820875
3896287
3289443
2884598
4820184
1878995
1361587
3860879
1507433
4207788
4956937
3125863
2314862
3663395
1514049
3311549
3800932
161975
1185619
4153367
72859
2493549
987306
1557390
3959586
2859193
1958756
1557187
2842833
259125
4202469
276655
962674
573454
4568856
2302680
4133196
4103038
3504707
896736
1637838
2806259
287174
4048952
3107733
242831
4760624
4280561
3979930
2755913
703614
1030835
1151995
4992432
3230065
403334
4675684
2921936
761483
4929678
4350682
2640877
3105637
3571860
4297444
1643052
395184
581823
3827862
383185
596934
3329569
3526075
752867
4051884
2145453
2018462
1602220
144359
1025927
4180341
1197149
3579383
3111732
4004843
2396622
1050613
3550064
3164937
3278562
3718340
3862687
3279808
18761
4771063
108827
2795093
3042975
1203583
2232364
265577
3769521
4641295
3046933
317284
4233760
1101774
1865803
1943550
428895
1378296
508161
4327401
2786711
2064146
4763550
1741406
3889065
350152
64784
208771
4488019
360932
2497338
4595574
2723244
1543341
3559561
1588217
1727305
4776538
3778980
4231802
494018
4420145
4244930
1085629
1887055
3393985
3609109
1158824
2853131
1404792
2213732
3633131
3538651
1729058
2104374
3949194
4416552
2951295
1886442
4656456
726279
1549183
1653988
16881
3515194
4813404
4578082
1908293
4855504
1912468
4388972
1501372
1838951
4224962
992874
1793466
3584658
154520
1128783
2392465
2041941
1957563
1774387
2189933
468877
3054779
2807615
71264
344941
2405870
3321154
323083
1947491
4127016
4599328
4666981
2926041
2878040
568233
899499
3485527
3597186
3419720
1468196
4399941
4050260
4382354
3050704
1957262
1786216
1416702
4492525
3753761
1634325
253492
3796389
4931793
1427506
2115070
497559
2863580
719529
4476571
1591360
691913
1390707
4777394
3418630
3429738
1566453
407652
4764577
1669313
3452727
751034
32102
2747071
2477117
3329533
540081
371624
1394884
3814629
2979823
2595858
1483482
357545
3887878
3557259
1799642
3669301
3457249
756826
4538755
56890
1033883
2249758
170229
4442527
3060935
3802836
4251783
3065941
1141146
2470452
1852551
1553032
517366
578746
3275535
2314673
2242643
3749122
4864768
4087816
1038732
340748
1519646
765655
3797508
235360
1822344
1456234
4624371
957451
4574802
2358435
3320977
4471815
3788673
321642
4062429
2250936
4695074
3629953
2424522
1998675
2699655
1387957
1430151
4175513
4958047
2938416
3459945
3320257
3584881
13292
1778872
4879924
4655093
2449602
2605523
668786
2093647
1697888
237056
3336338
2104489
4462361
3599956
1001382
1601963
4982231
672187
4690557
1659738
739627
804645
2850178
1903754
3231173
4665870
4477441
1372289
2349887
1021991
4220426
855466
4642899
869286
1269294
4141810
3046445
253607
587494
4878467
724508
2603005
855827
1191579
2595234
4610906
4152993
4449352
425898
3166230
1862788
1489282
3947289
4151391
3048420
3488677
2342461
3137214
1297941
2728457
393442
2808258
4570687
716416
1048323
541643
3346525
913131
672670
3214964
3883809
4976889
2927648
4412894
3992052
501373
1366592
3470102
1048922
4233259
4903976
3399266
4118708
4808368
2422093
3712109
4358047
4915179
474719
3753996
3742906
2894667
3856156
3938092
4818054
652038
4675456
3900507
21862
2050418
1592815
2024261
1580676
2143602
276502
2939158
803172
3043576
4346556
2115063
1697321
1795156
4985363
2487535
1383350
1094284
206594
3648342
2615728
547442
4921772
315348
1832859
4205043
3372315
3528065
4201424
2148044
635337
4657196
3920413
3172061
3643851
832823
2212665
2986966
4615834
4115231
2098658
4604429
1133248
2769178
1177173
4286962
4267612
4834777
1426281
3242714
1603473
3564397
4130249
3043127
1777809
127238
1982476
6761
2053377
3567702
4798003
360557
3006858
1504147
1535742
275315
1762812
1001820
2654379
3359822
1780958
4548211
3889100
1541637
913366
4886761
738756
4700998
3498481
3499351
58398
424058
1810384
3829576
2937481
2966580
1076656
1378612
2235636
2902467
4038484
2224231
2161858
4307750
816913
2844865
2782314
4841887
3375670
3588694
4054638
1682144
4973782
2818229
2519414
1927586
2290419
1491974
1903817
1974869
4743752
406221
896935
3779890
3660019
1888395
18117
1010796
1263997
911171
3343717
748804
1720327
4067226
2339474
2817916
4005524
577367
1026485
3873955
810285
1658699
3444631
2977679
2525365
3108874
1922676
2000937
4709577
1291607
4893752
1336930
3513491
1141662
154265
430724
195500
1500826
3113552
2703971
4585643
963735
980853
4150514
3844559
2910034
361654
604593
1911300
1150780
334387
2807108
1141077
4429789
3983033
2099296
2817647
814869
3630810
2179038
4963022
3983166
3133606
2301234
600263
1504046
4827656
3469941
2833392
3291481
4938430
1861214
4646447
2133011
206134
355407
2811102
1383602
1516162
443979
2544600
2330642
1489272
2571846
2364003
112498
993129
3162645
1656826
3546107
283836
2205509
4817333
144353
1150502
1044615
1128023
599010
4015815
4691848
2727924
3315628
1932196
4468319
3160957
3470811
2451901
540960
2255850
2256928
173131
4448782
3458626
863165
3104664
1227437
2160010
1088492
344442
1479028
3291144
3949728
3568813
4011297
824882
2125603
1503308
3849255
4455416
1344734
1842412
3468675
4110955
3481975
1899029
4353900
4964680
3721173
4172382
4234345
1236325
2239039
2356004
2918716
2829495
1904162
1149991
1164668
2956094
3013041
142721
1369536
3847629
183271
395715
1227255
159161
4556712
106733
2378325
1060830
2456197
826506
649128
800457
24990
1925158
1875337
2086277
2341090
2789485
4902061
3926661
2560306
799842
4607579
2003435
4477732
3343096
652024
2058483
3674404
2182672
1576510
896895
918452
1150160
1639115
1183167
693011
750172
4918998
2929020
3068476
4507124
1351164
2135682
3801285
2995242
1778617
949544
4013992
4397054
58546
3302077
4649759
3689752
4795886
769297
3568808
4667809
3663333
665181
613608
1741758
4170737
2985936
414252
3699434
1032353
2525366
3408330
2782062
2105709
886791
3544678
3031104
2678211
2146250
1184593
4755318
1686463
3963364
495883
3794981
4929914
2783617
2362793
3501146
4649274
4065502
3245458
209332
4016135
336176
3697379
2169436
827037
266292
2989810
4475363
2528509
4503188
4674672
701558
3447262
2956595
4086440
2864256
2747841
3147925
1784804
4491165
4629538
1430766
3568686
3667318
898314
2035910
4468404
4454717
866113
1477701
1643973
4049286
242465
3343008
1451448
2719361
2824518
2639264
311915
179664
4991266
1406924
2008809
1784905
3530413
2110131
2078117
4629321
4742009
2539608
1700195
1187827
4853091
2944058
2646390
3737412
2207078
3045310
1235876
2589588
1741705
687227
1623973
543980
4737657
606818
2248906
3791486
3349809
1414728
2918779
4180613
1760469
1131154
954649
3168186
3831071
105276
2102722
2485488
4753392
1445254
1175474
1419021
84936
4197179
3521095
3870821
159057
2900127
1150173
4451188
3390869
1128500
998871
1596920
3739665
3417641
4258943
2868073
3328737
3552416
2107461
3564886
906842
3281050
2146980
1932061
4267382
3141250
4789666
1503879
2169642
1785938
2760310
2768638
4529812
3153318
1925379
2384171
3059408
1982043
1726787
848240
4903466
1597219
985407
3896319
1553709
2742185
283322
375957
2404378
4384091
3475822
782615
3461813
4593497
1763822
4675591
523961
3695224
752490
1878947
1304683
2516979
1357329
4016730
3455883
1695150
3071057
720044
938983
1212456
3102458
4355293
1240075
681982
1614080
4597781
476627
4829206
3935007
3693655
3181921
434542
3507993
3529372
3168041
2734977
1625563
2608395
790953
4144467
907454
906904
535222
4229786
4737896
2955702
860466
4113993
1036947
3164282
1316506
4710009
496422
4269902
4995196
3564918
391359
4455630
228165
1919716
3057362
3601090
3201656
3207117
2650859
4123256
1525179
28744
2649999
3582846
3601292
3922758
4398464
1800057
331473
696764
3529120
3421925
1375052
3597929
1616685
3092842
4610541
4150211
4709163
315351
900609
1580354
2857375
4464829
2853065
4222088
4583607
4004971
211493
584427
1466759
4733377
4519855
493345
3019566
4644595
2402917
3723975
2870167
2948060
1211326
1002958
1734043
55676
2667805
3009794
2630020
1875536
492131
3307320
1328173
3830733
1712607
3273300
1558917
4853432
2228193
4508340
4087794
1328804
2553132
1742653
826258
2038025
2167241
4326784
2155420
4104894
3712824
3109128
2412773
1335188
457922
1202498
3945087
2014862
4536298
3729545
46972
4014976
4050753
4494542
389456
2706563
4355737
3150561
4336148
2716434
1524113
1491678
4325095
2472900
3109391
2001142
2693487
2734246
2089677
3251097
4436413
1516788
4620554
62461
1691534
3953588
3989600
4176270
3319598
4678704
1112181
3786482
4124536
2589582
2770123
186487
73080
1356813
4901363
4448028
861105
4352990
2722655
3308857
947258
4759133
2972756
1414539
4853443
993450
1004990
3204448
1110453
4689448
3775389
4114523
2878776
954322
1862430
3916261
3797710
2788853
4657989
1474097
1487068
3578958
964485
1343721
2945673
4338368
1319090
4557882
3816959
3859505
4219725
2267449
4592911
1994755
4002111
718448
1231857
4284778
2768225
2959050
4597928
4802607
4337464
3865238
3868676
1663552
1408766
2913019
369729
3900593
2541275
3254777
4441229
231699
2377587
1083095
4014951
72303
2677464
4471983
551075
1393376
2869664
2214290
381962
2553674
3518930
3370457
1353246
3562747
1774010
2635657
3503867
3264796
2732700
2943138
549336
2434643
1655557
4198724
1200301
3402297
833596
4859711
3979887
1380979
2791192
50165
3782135
663535
3404971
3499630
1983296
143549
1631196
2234232
3621327
995015
2760851
173625
2678957
4469807
494093
2980371
4793232
4286147
4502479
3142578
488408
2332703
117047
1297141
383861
4877664
3439661
1384310
2471525
31488
861689
2137400
491931
4338643
1614767
2805292
4471675
553501
4171269
290208
2914754
4280910
154565
2380869
4632451
2772379
4695645
2185179
4452940
4325817
3506196
3251835
4225063
3105976
3612503
443648
2393340
4421755
433074
3226003
4940500
3116176
1351770
4257298
27576
4080176
71462
4351517
1449784
3152916
2586846
3357117
4549383
1498865
731628
4832752
3020932
811794
2990959
1019861
186195
4606802
538671
59184
2910122
2153202
3909290
679451
2258280
365213
4536717
1082954
2614559
4040693
1721022
1624825
2421682
1264665
3574486
1243572
570522
3772598
4535532
2562434
1737347
3216071
2912653
2739695
1209619
803178
4002503
246005
2528138
3021728
2947620
278791
3552516
4516193
2260149
1117753
2403484
4501338
1613508
4147983
2546859
4142916
3464427
2062048
3561198
2948066
4048898
